[[2023.]]
512
0.9968061776200815, 0
1.7056971589881536e-48, 1
-0.009385994228480158, 2
2.832813484987901e-44, 3
-0.000343358784225046, 4
2.331643763915052e-42, 5
-0.0038216052316732132, 6
3.578130757349732e-39, 7
-0.008228164980608275, 8
2.1415384332511755e-38, 9
-0.00654907463600243, 10
4.5816191231828e-36, 11
-0.010989677420047255, 12
5.106808231111716e-35, 13
-0.008623869506991313, 14
1.4674569478851977e-34, 15
-0.004660967376905653, 16
9.796716330522735e-34, 17
-0.0033578146350707284, 18
5.280061859174528e-34, 19
-0.010252444380144016, 20
2.698199419151057e-32, 21
-0.011127313777050006, 22
6.829953314042043e-32, 23
-0.00017790231250892555, 24
2.594877195510391e-31, 25
-0.007968998648805176, 26
2.9341361768276768e-30, 27
5.188735424625698e-30, 28
9.524399027939315e-31, 29
-0.0028522938663982427, 30
7.232558614359344e-30, 31
-0.0037000752568728773, 32
7.735092927004771e-29, 33
-0.008086502028054885, 34
1.2908741477607054e-28, 35
-0.0023211493078582218, 36
2.8371667134054196e-28, 37
-0.010328583641464686, 38
1.0864965049716999e-27, 39
-0.003394786103308179, 40
1.910409669603083e-27, 41
-0.0007075826544850888, 42
3.391399163137167e-27, 43
-0.0015937997297610312, 44
1.4132056643660019e-27, 45
-0.0021304351004155335, 46
1.900283046110495e-26, 47
-0.0011475797319248603, 48
2.685715908754072e-26, 49
-0.010509780441242301, 50
1.07499396500509e-26, 51
-0.005672008914250624, 52
9.248073431359429e-26, 53
-0.0021750937056132466, 54
2.26968232147635e-25, 55
-0.0038977444929939055, 56
1.6532309985344505e-25, 57
-0.00034226062180215094, 58
2.4473760920764263e-25, 59
-0.007147939210620975, 60
3.286487701564644e-25, 61
-0.007604408724404132, 62
6.627886188223075e-25, 63
-0.008501973478050026, 64
2.0269357046421267e-24, 65
4.193442333935377e-24, 66
3.0728481382065845e-24, 67
-0.005255805355973567, 68
6.815106582796045e-24, 69
-0.001361355350248344, 70
9.146770132892457e-24, 71
-0.01034578818609002, 72
1.5645798501971367e-23, 73
-0.008719409637783134, 74
6.917066532375888e-24, 75
-0.004222800570170709, 76
3.948183363360984e-23, 77
-0.0027776188216414137, 78
3.539187125454299e-23, 79
-0.0027596821687341355, 80
4.4379575954322733e-23, 81
-0.0020081730173332605, 82
7.805601037340952e-23, 83
-0.000305655207705664, 84
6.803762079628496e-23, 85
-0.003777678734757429, 86
4.577297816369952e-23, 87
-0.01136488291453626, 88
4.1362516084264676e-22, 89
-0.0026125284040662586, 90
9.757849874537139e-23, 91
-0.0100598999019965, 92
7.513145110096449e-22, 93
3.8593461246442236e-23, 94
3.5013033590515153e-22, 95
-0.010558831696131574, 96
4.887269455577856e-22, 97
-0.008603004420956323, 98
7.840307561864514e-22, 99
-0.007396489972336123, 100
1.43030462868083e-21, 101
-0.008089796515323546, 102
1.0944092142875813e-21, 103
-0.009616608337288031, 104
5.91321485226907e-22, 105
2.223611569150602e-21, 106
6.916498995513212e-21, 107
-0.007322547035861215, 108
8.412170799798472e-21, 109
9.358386994247992e-21, 110
1.4984328251416049e-21, 111
-0.01032126255864537, 112
8.822871823478658e-21, 113
-0.011486412889336594, 114
9.807362548544942e-21, 115
-0.009886390239179125, 116
2.3181951146870718e-20, 117
-0.005219199941877079, 118
2.6044623865865393e-20, 119
4.337601925506797e-20, 120
2.4752107053721358e-20, 121
-0.007436023819560324, 122
3.599891441580628e-20, 123
-0.008576648522806833, 124
2.360378239612088e-20, 125
-0.010722823951283848, 126
1.0298891850283918e-19, 127
-0.010800793483309385, 128
4.269215300977147e-20, 129
8.638398455188809e-21, 130
1.5534132374102683e-19, 131
-0.004514179666378741, 132
2.598192592460678e-19, 133
2.4681610179226215e-19, 134
1.2121641106032291e-19, 135
-0.00048136119536880086, 136
8.313180134435922e-20, 137
-0.003478978555730098, 138
3.8957766234287107e-19, 139
4.2912020434265387e-19, 140
2.0098493919758829e-19, 141
-0.010666451613575273, 142
5.662979696957539e-19, 143
9.24810597356465e-19, 144
1.0450563518185005e-18, 145
-0.010175573010541396, 146
1.0888426939122662e-19, 147
9.623886229224814e-19, 148
1.9237065986854258e-20, 149
-0.0006102122529884326, 150
8.434337760292991e-19, 151
-0.005855768093014986, 152
2.616505479099752e-18, 153
-0.009168192014606065, 154
9.534529519714085e-19, 155
-0.00830284002536513, 156
2.3713485238748804e-18, 157
-0.005227619187119274, 158
4.576856013615923e-18, 159
-0.004271851825060004, 160
2.0254505358312117e-18, 161
-0.010928546378506114, 162
5.273345855222326e-18, 163
-0.004301136156337198, 164
5.293961986894884e-18, 165
2.3865972855248874e-18, 166
1.5912170823089442e-18, 167
-0.0002814956344019744, 168
4.0961809501176994e-18, 169
-0.009338773244295684, 170
4.9352924846421894e-18, 171
-0.0036301589159485935, 172
1.6609856686518938e-17, 173
2.8645983245134294e-18, 174
2.351141885262384e-18, 175
8.914984440918171e-18, 176
2.1565662591366012e-17, 177
-0.0024437774450814585, 178
2.287289909064721e-17, 179
9.556058847013961e-18, 180
2.1492078526311505e-17, 181
-0.003583303985905086, 182
3.550646271265301e-17, 183
3.8776180425442685e-17, 184
3.907719643386754e-17, 185
-0.005516069850199626, 186
6.525104128198055e-18, 187
-0.00649343440657586, 188
1.5421323615262513e-17, 189
7.083788549374646e-17, 190
3.898582882640627e-17, 191
-0.006233535966490798, 192
3.867128962482736e-17, 193
-0.001793299236586858, 194
1.864762028842109e-17, 195
1.2108305840172413e-16, 196
1.2281530430500417e-16, 197
1.5217692386131456e-16, 198
1.4514730831668198e-16, 199
-0.0015374273920524721, 200
1.2865034240004567e-16, 201
-0.010330047858028822, 202
1.220356538050326e-16, 203
-0.002853025974680191, 204
4.906547692307544e-17, 205
1.016318139801045e-16, 206
2.3354928621788927e-16, 207
2.357616191905341e-16, 208
8.833935347969328e-17, 209
2.32065429134464e-16, 210
3.4070290561923413e-16, 211
-0.0034163832976249514, 212
4.552830052521308e-16, 213
5.061375911353768e-16, 214
2.3414565078850983e-16, 215
-0.006642052387807478, 216
4.7519331805274714e-17, 217
-0.006028545647550677, 218
2.337785548365814e-16, 219
8.354641121397016e-16, 220
3.444790348030645e-16, 221
-0.009807322544731585, 222
6.27454765644264e-16, 223
-0.007934223505414091, 224
1.334508953403068e-16, 225
-0.0007119753041761096, 226
3.184344410327955e-16, 227
7.089094717993949e-16, 228
8.867407309907612e-16, 229
2.7194560874542413e-16, 230
1.140090019650178e-15, 231
1.1311654199393396e-15, 232
3.280340882420231e-16, 233
-0.007680181931584741, 234
1.0644103787567314e-15, 235
1.5312524842018934e-15, 236
1.1528268147702188e-15, 237
-0.01029893325604943, 238
2.8879634839399045e-15, 239
1.3106191881863752e-15, 240
2.249873204348268e-15, 241
2.9599631232097412e-15, 242
2.549801046820721e-15, 243
2.3477138992923083e-15, 244
4.527194278596642e-16, 245
2.5820813641369575e-15, 246
2.2593449424544232e-15, 247
-0.00128009133094941, 248
1.230561760161258e-15, 249
-0.011465913857451453, 250
5.365877084076072e-15, 251
6.26747231015147e-15, 252
2.6979900502234526e-15, 253
-0.003940206773346172, 254
5.1211804588664684e-15, 255
-0.005861991013409834, 256
5.810984780381878e-15, 257
6.27446968634907e-15, 258
2.5623859690375693e-15, 259
-0.0019042136412968124, 260
4.512024395970428e-16, 261
4.124348910535981e-15, 262
6.703002730827766e-15, 263
1.4173123293045032e-14, 264
9.787675438718668e-15, 265
-0.0043212691340835585, 266
9.681984312092746e-15, 267
1.429773403292066e-14, 268
2.0810016898162335e-14, 269
-0.0006607277244309721, 270
1.693865789298796e-14, 271
-0.008408263617976447, 272
1.2053963337726428e-15, 273
1.674321623023252e-14, 274
4.3128188822659106e-15, 275
2.6447701498340723e-15, 276
3.081234071882883e-14, 277
1.7845673004383268e-14, 278
2.821949113514981e-14, 279
6.906179947839351e-17, 280
2.4327521740554617e-14, 281
4.83799118416367e-15, 282
9.887913767864883e-15, 283
-0.011482386293814062, 284
2.6880542636884828e-14, 285
-0.011113403719715248, 286
2.270493452948902e-14, 287
3.0110021759041584e-14, 288
6.017042828993417e-14, 289
-0.011321688525928257, 290
1.0711768075874424e-14, 291
-0.007231765608957008, 292
7.050888214414039e-14, 293
-0.008120911117339381, 294
2.978073685794435e-14, 295
3.8874719688514925e-14, 296
5.26862397419709e-14, 297
7.88740766256674e-14, 298
2.90377930329389e-14, 299
8.657326683620852e-14, 300
3.602597981269397e-14, 301
2.6885791549111892e-14, 302
9.279543489339044e-14, 303
-0.007199552844590101, 304
6.113547123058885e-14, 305
-0.0073741606698639744, 306
2.5442736423976947e-14, 307
8.69756165044657e-14, 308
4.714453304926648e-14, 309
-0.005040931575341732, 310
9.139165529548042e-14, 311
-0.0033307266286433405, 312
7.501110848284147e-14, 313
2.09127304464836e-13, 314
8.044547336815707e-14, 315
-0.0009228224892511875, 316
6.866168061943583e-14, 317
5.881634470703607e-14, 318
8.33470406599776e-14, 319
-0.00828600153519828, 320
9.425773612331918e-15, 321
3.167071851574707e-13, 322
2.4819115062951258e-14, 323
2.715653518335864e-13, 324
2.5233534393740306e-13, 325
1.9988980446285513e-14, 326
1.1806727512911259e-13, 327
-0.0030803455961466567, 328
4.244348145098999e-13, 329
-0.004605693201658005, 330
5.228406653274701e-13, 331
-0.0019298374308464065, 332
2.2053657152502834e-13, 333
-0.010183260148044989, 334
1.327541466970199e-13, 335
-0.004090288970987617, 336
3.851846036585095e-13, 337
5.874185538992159e-13, 338
1.9716313952328343e-13, 339
-0.006051973113158573, 340
1.3116697776547825e-13, 341
-0.009363664926958027, 342
3.3257796651078853e-13, 343
-0.008831056151392465, 344
5.926817293903761e-13, 345
-0.007125243854826542, 346
1.002919441563956e-12, 347
2.7011606660286856e-13, 348
6.395752709989485e-13, 349
1.088535945755283e-12, 350
1.1426853049611573e-12, 351
1.3782152515982453e-12, 352
3.627905133783187e-13, 353
-0.010092844775458477, 354
6.242514783513958e-13, 355
6.412372283135661e-13, 356
9.310945844781061e-13, 357
2.2519335708424872e-13, 358
2.061028434159082e-12, 359
6.528994977540408e-13, 360
2.6939068360518815e-13, 361
2.1883010124603455e-12, 362
1.1815276002374212e-12, 363
1.5564898190354577e-12, 364
1.5786240484024298e-12, 365
1.789102319373986e-12, 366
5.742475034809246e-14, 367
2.304911236082457e-12, 368
1.9508750609534387e-12, 369
2.310695991735695e-13, 370
1.805714379483271e-12, 371
2.475019164390525e-12, 372
3.6209457596110243e-12, 373
3.253689223004577e-12, 374
3.250828296655071e-13, 375
3.534417708009027e-12, 376
2.511704656267589e-12, 377
4.412304910373918e-12, 378
3.7128939022038274e-12, 379
3.990456469362138e-12, 380
4.438918746860787e-12, 381
3.78297732822287e-12, 382
6.514946425591242e-13, 383
-0.004353481897191404, 384
4.653338033491956e-12, 385
1.112138482533925e-12, 386
5.26588525864246e-12, 387
-0.010177403284073851, 388
1.941069935707534e-12, 389
1.3523310553790163e-12, 390
6.614037924461395e-12, 391
6.9551664710713955e-12, 392
7.699278840648846e-12, 393
1.3851216480268014e-12, 394
3.6482557365645107e-13, 395
9.428796056197684e-12, 396
7.2092401411169585e-12, 397
1.4318052820838926e-12, 398
7.626092804611335e-12, 399
5.948037555534167e-12, 400
7.511577814820218e-12, 401
1.5104490398357179e-12, 402
6.230901127388386e-12, 403
1.1403416173425446e-12, 404
1.2309784346889378e-11, 405
1.3172499327540246e-11, 406
7.498904225228817e-12, 407
-0.01136598108473235, 408
2.9089634028182513e-12, 409
5.245310579270897e-13, 410
1.7325910116243301e-12, 411
1.5067466991230936e-11, 412
8.763001279413185e-12, 413
1.9717311071190362e-11, 414
1.4024947254707121e-11, 415
1.5440689730163043e-12, 416
7.053307931680074e-12, 417
-0.011878822943648164, 418
1.8308830429540244e-11, 419
1.0924732158141494e-11, 420
2.549910852833156e-11, 421
1.5400312131012235e-11, 422
1.143058086825892e-12, 423
1.5975357811865507e-11, 424
2.904525694752505e-11, 425
7.775023206027257e-12, 426
1.6236430932609962e-11, 427
5.129645197133013e-12, 428
2.444083626486322e-11, 429
8.166866105473202e-12, 430
3.0709621433162425e-11, 431
2.126303067032039e-11, 432
3.174711471044404e-11, 433
2.0822387813101576e-11, 434
4.456735351184535e-11, 435
3.053256424967826e-13, 436
3.872838255544402e-11, 437
1.4227579741890757e-11, 438
1.6523118381519146e-11, 439
3.87354269787801e-11, 440
1.7562414004404177e-11, 441
4.058923957272697e-11, 442
4.061513816510759e-11, 443
3.494216116225944e-13, 444
5.641854553380181e-11, 445
1.949748883113777e-11, 446
5.572326376447091e-11, 447
5.884408819342849e-11, 448
3.251502508332126e-11, 449
7.141544359199049e-11, 450
7.221063095158229e-11, 451
3.162575997915153e-11, 452
6.44819163508198e-13, 453
7.092698327494752e-11, 454
4.389982443130563e-11, 455
6.554689077871144e-11, 456
1.6363958945946952e-11, 457
-0.004324197601339326, 458
7.30708635365339e-11, 459
-0.010096871462801058, 460
7.353266561506463e-11, 461
1.2288830150724577e-11, 462
1.1364051169190958e-10, 463
7.397040716842178e-13, 464
5.860007450338485e-11, 465
1.2054761427715456e-10, 466
2.7763909925976846e-11, 467
1.2679301624220835e-10, 468
3.4140083227402575e-11, 469
3.8487179092345676e-11, 470
2.962151367092693e-11, 471
1.520819893565393e-11, 472
3.024627600479489e-11, 473
1.229738609144647e-10, 474
3.080149342740263e-11, 475
1.8524492724629794e-10, 476
1.3489891398576244e-10, 477
6.89598179764422e-11, 478
8.056886484576922e-11, 479
5.0656075747198644e-11, 480
1.7138404282817282e-10, 481
1.5736212239156482e-10, 482
1.307640733529897e-10, 483
1.937755037037726e-10, 484
1.4979225304629545e-10, 485
2.085282891339812e-10, 486
8.737467213744242e-11, 487
2.472050259823364e-10, 488
1.9363478909271632e-10, 489
2.231516913693173e-10, 490
1.1446320324222607e-10, 491
2.9392851328991993e-10, 492
2.0746901225374407e-10, 493
8.900251027345066e-11, 494
2.757156948782547e-10, 495
1.9444693366677826e-10, 496
3.0932961885637854e-11, 497
3.2875385154101397e-10, 498
7.582897920011732e-11, 499
2.584587143350616e-10, 500
1.4480730421639446e-10, 501
1.410346760021743e-10, 502
1.860118530094175e-10, 503
2.632004646323069e-10, 504
1.8053834467069823e-10, 505
3.508444091404435e-12, 506
4.247579277043882e-10, 507
1.5427295682328172e-10, 508
3.637588815586557e-10, 509
2.7381108108018736e-10, 510
2.439495031858617e-10, 511
